N	VK
1	1750
2	1560
3	1820
4	2090
5	1910
6	2410
7	3140
8	2850
9	2090
10	1850
11	1630
12	2420
13	1710
14	1600
15	1800
16	2120
17	2100
18	2460
19	3200
20	2960
21	2190
22	1870
23	1770
24	2270
25	1670
26	1640
27	1770
28	2190
29	2020
30	2610
31	3190
32	2860
33	2140
34	1870
35	1760
36	2360
37	1810
38	1640
39	1860
40	1990
41	2110
42	2500
43	3030
44	2900
45	2160
46	1940
47	1750
48	2330
49	1850
50	1590
51	1880
52	2210
53	2110
54	2480
55	2880
56	2670
57	2100
58	1920
59	1670
60	2520
61	1834
62	1792
63	1860
64	2138
65	2115
66	2485
67	2581
68	2639
69	2038
70	1936
71	1784
72	2391
73	1798
74	1850
75	1981
76	2085
77	2120
78	2491
79	2834
80	2725
81	1932
82	2058
83	1856
84	2553
85	1854
86	1823
87	2005
88	2418
89	2219
90	2722
91	2912
92	2771
93	2153
94	2136
95	1910
96	2537
97	2008
98	1835
99	2120
100	2304
101	2264
102	2175
103	2928
104	2738
105	2178
106	2137
107	2009
108	2546
109	2084
110	2034
111	2152
112	2522
113	2318
114	2684
115	2971
116	2759
117	2267
118	2152
119	1978
120	2723
121	2081
122	2112
123	2279
124	2661
125	2281
126	2929
127	3089
128	2803
129	2296
130	2210
131	2135
132	2862
133	2223
134	2248
135	2421
136	2710
137	2505
138	3020
139	3327
140	3044
141	2607
142	2525
143	2160
144	2876
145	2481
146	2428
147	2596
148	2923
149	2795
150	3287
151	3598
152	3118
153	2875
154	2754
155	2588
156	3266
157	2667
158	2668
159	2804
160	2806
161	2976
162	3430
163	3705
164	3053
165	2764
166	2802
167	2707
168	3307
169	2706
170	2586
171	2796
172	2978
173	3053
174	3463
175	3649
176	3095
177	2839
178	2966
179	2863
180	3375
181	2820
182	2857
183	3306
184	3333
185	3141
186	3512
187	3744
188	3179
189	2984
190	2950
191	2896
192	3611
193	3313
194	2644
195	2872
196	3267
197	3391
198	3682
199	3937
200	3284
201	2849
202	3085
203	3043
204	3541
205	2848
206	2913
207	3248
208	3250
209	3375
210	3640
211	3771
212	3259
213	3206
214	3269
215	3181
216	4008
